{
    "a": -3719.7635864633826,
    "b": 272.82333800920696,
    "c": 0.0014446230641609573,
    "d": 2.6113246517262985
}