{
    "a": -2.022440471790114,
    "b": 1.0070061621684359,
    "c": 0.15496649705222368,
    "d": -0.3414575881891993
}