{
    "a": -75.3794675315118,
    "b": 1.3134960521080394,
    "c": 0.06374135345072415,
    "d": 4.084230256824122
}