{
    "a": -56.648377926802034,
    "b": 2.343810064585223,
    "c": 0.09330908436134065,
    "d": 2.4762629277543833
}