{
    "a": -51.8073147022615,
    "b": 2.4579599274175354,
    "c": 0.10370677652671603,
    "d": 2.3563884324965896
}