{
    "a": -86.79966253418478,
    "b": 0.30480034264941724,
    "c": 0.022712161235140065,
    "d": 5.607768124602494
}