{
    "a": 13.460328289665561,
    "b": 1.6333002159925991,
    "c": 0.18375508404441734,
    "d": -1.209533230359815
}