{
    "a": -218.53572807466864,
    "b": 1.1083569748165005,
    "c": 0.13220056030297714,
    "d": 1.9153543475174164
}