{
    "a": -29.109788641688432,
    "b": 2.6757325982109195,
    "c": 0.12361783143657235,
    "d": 1.8737870743518465
}