{
    "a": -114.66151628402758,
    "b": 2.8635499958451667,
    "c": 0.06579042859930274,
    "d": 3.4670327330882227
}