{
    "a": -0.26069789037569646,
    "b": 0.06793724778642181,
    "c": 0.18499805631081598,
    "d": -3.324851680234304
}