{
    "a": -112527.84107161374,
    "b": 1.0960682582888448,
    "c": 0.020256313774336284,
    "d": 11.479551145071932
}