{
    "a": -95.96638914582911,
    "b": 4.2839802673593095,
    "c": 0.11671731356745327,
    "d": 2.531811206543099
}