{
    "a": -99.72354962010161,
    "b": 1.3424820093602645,
    "c": 0.06958521210456939,
    "d": 4.062976408705751
}