{
    "a": -20.12463751685628,
    "b": 48.39963566371558,
    "c": 0.14050649200104157,
    "d": -1.2674877486700795
}