{
    "a": -383.2422837923766,
    "b": 6.8738288756397035,
    "c": 0.09505611007689085,
    "d": 3.4044287069075687
}