{
    "a": -61.89689162029099,
    "b": 4.866599603511904,
    "c": 0.14537818078173442,
    "d": 1.0522277115822534
}