{
    "a": -13.46481691180339,
    "b": 2.041901186181137,
    "c": 0.10510946332693398,
    "d": 1.8057784381962743
}