{
    "a": -127.20332066571792,
    "b": 3.3223989251803547,
    "c": 0.07211319993533549,
    "d": 3.2024901019107683
}