{
    "a": -825.9228675771822,
    "b": 3.3722765521525324,
    "c": 0.11560872052233885,
    "d": 1.8655920167358608
}