{
    "a": -1601.8367392155271,
    "b": 2.9728705362682546,
    "c": 0.11198390490428012,
    "d": 2.9289769602640585
}