{
    "a": -85.45799619904574,
    "b": 4.594863974481012,
    "c": 0.08932868130955965,
    "d": 2.790353206426059
}