{
    "a": -198.4472215908963,
    "b": 1.6317997267359523,
    "c": 0.07091762828567127,
    "d": 4.422114283205838
}