{
    "a": 1.3150573883449719,
    "b": 1.1614363056397914,
    "c": 0.36823089503775236,
    "d": -3.621343289051049
}