{
    "a": 2.8462786593189793,
    "b": 0.0411014168904674,
    "c": 0.16851451803973994,
    "d": 0.2991954206341522
}