{
    "a": -180.3060164797759,
    "b": 4.4852429424519435,
    "c": 0.09687437831187563,
    "d": 3.117973876807264
}