{
    "a": -4964.844269399381,
    "b": 3.3910038840605274,
    "c": 0.06354233131703717,
    "d": 6.966989957276164
}