{
    "a": -23.142496103304737,
    "b": 1.0949119848770719,
    "c": 0.09538636006928594,
    "d": 2.985446488818182
}