{
    "a": -5724.419448170811,
    "b": 4.394240693947551,
    "c": 0.07523800351842701,
    "d": 5.632813104145223
}