{
    "a": -41.285510663811706,
    "b": 1.9479014154861725,
    "c": 0.06377252312748656,
    "d": 2.5818947202975977
}