{
    "a": -89.10478716562888,
    "b": 0.7295918273705474,
    "c": 0.06371271620165603,
    "d": 4.420310298889412
}