{
    "a": -224.24188106822783,
    "b": 2.4699318101617216,
    "c": 0.13490413918921212,
    "d": 1.9583987246076793
}