{
    "a": -73.07429996590793,
    "b": 3.867855408725532,
    "c": 0.06365873097817223,
    "d": 2.4463739094990555
}