{
    "a": -42.58716168842348,
    "b": 2.057496850621008,
    "c": 0.11789295097968644,
    "d": 1.8359758886701665
}