{
    "a": -76.12793611243676,
    "b": 1.8032440796015725,
    "c": 0.09097237985220812,
    "d": 1.359062146774291
}