{
    "a": -150.13427192512,
    "b": 3.6595446207759568,
    "c": 0.035953172633425914,
    "d": 3.6223256504805303
}