{
    "a": -220.81479644070953,
    "b": 1.2536195843650704,
    "c": 0.04163403476353222,
    "d": 5.165112772665657
}