{
    "a": -68.79127864519064,
    "b": 2.7100384896884515,
    "c": 0.09608045619982178,
    "d": 3.2261977428936834
}