{
    "a": -23.750173772841382,
    "b": 0.4733467836717968,
    "c": 0.10775166245213495,
    "d": 2.91805455520488
}