{
    "a": -1175.7843363902148,
    "b": 1.701453208723576,
    "c": 0.05577844957592071,
    "d": 6.240569831953218
}