{
    "a": -85.10639323457436,
    "b": 2.0140356949055302,
    "c": 0.12025846724931703,
    "d": 3.3680855463422317
}