{
    "a": -509.88889550488346,
    "b": 4.122566681467058,
    "c": 0.12784804593597532,
    "d": 3.8047472046746993
}