{
    "a": -1076.841545705862,
    "b": 3.561405028757815,
    "c": 0.019684157310339585,
    "d": 5.656650179048261
}