{
    "a": -81.66059405981754,
    "b": 4.080759971007377,
    "c": 0.1369578770966912,
    "d": 1.6505137278882602
}