{
    "a": -42.44782202925058,
    "b": 2.64845376673628,
    "c": 0.14514671182889355,
    "d": 2.2627568592588205
}