{
    "a": -571.065093357272,
    "b": 1.509309029637451,
    "c": 0.03633493623405447,
    "d": 5.865922015614696
}