{
    "a": -154.03443607414616,
    "b": 1.4536278295923042,
    "c": 0.05419975144946482,
    "d": 4.524177040735131
}