{
    "a": -324.1223929727844,
    "b": 2.721004590863768,
    "c": 0.0809467178165311,
    "d": 4.285591685712853
}