{
    "a": -5.951184161106052,
    "b": 3.0399460483828347,
    "c": 0.08112098406745923,
    "d": -1.326197312223474
}