{
    "a": -105.53256244437894,
    "b": 2.1408371660015084,
    "c": 0.09678826109111234,
    "d": 1.8771804097725127
}