{
    "a": 5.413853870465443,
    "b": 0.578914076192152,
    "c": 0.07872890347564113,
    "d": 0.850278706195102
}