{
    "a": -31.20662170216975,
    "b": 1.1564704101938101,
    "c": 0.1215618520079621,
    "d": 2.5434141097685186
}