{
    "a": -1065.020086704882,
    "b": 2.8712054478358278,
    "c": 0.17869211733289972,
    "d": 4.881804243604173
}