{
    "a": -2293.2774332624504,
    "b": 5.492112024105117,
    "c": 0.0017196272079617715,
    "d": 6.034004341729287
}