{
    "a": -22.722624574538504,
    "b": 2.0044216324663773,
    "c": 0.19016104554729354,
    "d": 0.4463221919602659
}