{
    "a": -999.8577066371025,
    "b": 3.664136965176165,
    "c": 0.022623098983235702,
    "d": 5.5957892650738446
}