{
    "a": -22956.807527028723,
    "b": 25.515296382991405,
    "c": 0.0003349043029339765,
    "d": 6.802339295407601
}