{
    "a": -0.2606377377726733,
    "b": 0.06785112375919318,
    "c": 0.18499967988099356,
    "d": -3.3236751384476
}