{
    "a": -85.44944614121589,
    "b": 4.598083276081299,
    "c": 0.08933365529566645,
    "d": 2.789555147782664
}