{
    "a": -89.10561262284398,
    "b": 0.730744682216404,
    "c": 0.063712425094614,
    "d": 4.418749380639442
}