{
    "a": -220.78989993953678,
    "b": 1.252780263619805,
    "c": 0.04163739538484303,
    "d": 5.165668714167947
}