{
    "a": -68.79129894440578,
    "b": 2.7124731559036976,
    "c": 0.09608044172122288,
    "d": 3.2252901786016235
}