{
    "a": -999.959060413392,
    "b": 3.666607033574864,
    "c": 0.0226211218091487,
    "d": 5.595209617794491
}