{
    "a": -7.182767639286348,
    "b": 1.3978758924000678,
    "c": 0.15448847792739734,
    "d": 0.8541339631847381
}