{
    "a": -78.74164044062597,
    "b": 2.6297524391890303,
    "c": 0.11803633037229634,
    "d": 2.6354787952265712
}