{
    "a": -1118.722680461727,
    "b": 4.734951840534066,
    "c": 0.08860670026990998,
    "d": 4.6367348711881595
}