{
    "a": -88.48035453534274,
    "b": 1.183531885296323,
    "c": 0.11420795697989718,
    "d": 0.8000404512597123
}