{
    "a": -2.4714976746663777,
    "b": 1.334445422792376,
    "c": 0.15695702410143691,
    "d": 0.6827714299519055
}