{
    "a": -1.0241269189185822,
    "b": 7.323546945507465,
    "c": 0.14155166140073,
    "d": -1.2601678042938487
}