{
    "a": -157.46212518697448,
    "b": 4.9871259500947716,
    "c": 0.042843293747469896,
    "d": 3.4368588994838616
}