{
    "a": -11.240031613016217,
    "b": 2.2939248506764156,
    "c": 0.11602055931106622,
    "d": 1.5402947828744975
}