{
    "a": -192.60833253938688,
    "b": 2.364700870381325,
    "c": 0.14658638728681103,
    "d": 2.859869928367811
}