{
    "a": -207.21080516973322,
    "b": 2.7974397616722526,
    "c": 0.05149438947064287,
    "d": 4.189285366655408
}