{
    "a": 9.366526630199468,
    "b": 0.7874244942105895,
    "c": 0.28060216058571197,
    "d": -1.5060757793444621
}