{
    "a": -82.79470833342236,
    "b": 2.807553677518221,
    "c": 0.15648849654082617,
    "d": -2.184097349746712
}