{
    "a": -199.88631690316663,
    "b": 4.142603137442108,
    "c": 0.12650008327154658,
    "d": 2.9855860767830165
}