{
    "a": -15.771238298540128,
    "b": 1.358173841372017,
    "c": 0.10853265006933158,
    "d": 2.242368847122766
}