{
    "a": -46.0060234585273,
    "b": 8.50007888102044,
    "c": 0.09702989101508845,
    "d": 1.2718259484817966
}