{
    "a": -53.88129641815606,
    "b": 2.2764149682546324,
    "c": 0.1116821937205154,
    "d": 2.0556941754133558
}