{
    "a": -23.239037446683877,
    "b": 2.2367272859346365,
    "c": 0.10950519626082415,
    "d": 2.4846408959492483
}