{
    "a": -621.1127965204067,
    "b": 4.4026721290614415,
    "c": 0.06169063569666061,
    "d": 4.693442154318317
}