{
    "a": -197.76002506868258,
    "b": 4.2081219645437375,
    "c": 0.11876851556582783,
    "d": 2.8601625327758105
}