{
    "a": -39.743055425139175,
    "b": 3.9024518741231873,
    "c": 0.08910014216563034,
    "d": 1.1954536147535784
}