{
    "a": -4.178174046781221,
    "b": 3.360599400933975,
    "c": 0.08789436614342981,
    "d": 0.5838569588717891
}