{
    "a": -49.32574907797192,
    "b": 2.5509030755200888,
    "c": 0.09142622842315365,
    "d": 0.6499344045948757
}