{
    "a": 0.5517791015616286,
    "b": 11.007412648116174,
    "c": 0.17338472274688121,
    "d": -2.7764577677407383
}