{
    "a": -13.392043093749042,
    "b": 2.964807867613012,
    "c": 0.06977994213696431,
    "d": 1.3921162309642965
}