{
    "a": -9.01281466240043,
    "b": 2.994460554240106,
    "c": 0.15921379254845902,
    "d": 0.7561234202275112
}