{
    "a": -46.85512008129093,
    "b": 3.7888272081029433,
    "c": 0.10842181418742354,
    "d": 1.9846466426728235
}