{
    "a": -196.42925908154137,
    "b": 3.0240019798669415,
    "c": 0.0712679804662083,
    "d": 3.813488257966165
}