{
    "a": -267.834010201095,
    "b": 2.7759753225034265,
    "c": 0.11069344309683614,
    "d": 3.678241465879888
}