{
    "a": -154.1634451482653,
    "b": 2.067474107800552,
    "c": 0.1472879204034017,
    "d": 2.0982038326804076
}