{
    "a": -13.923599601235626,
    "b": 1.7189393757109153,
    "c": 0.053865452419842114,
    "d": 2.3423420113027773
}