{
    "a": -35.562421375258445,
    "b": 39.89907345183309,
    "c": 0.1360144776522549,
    "d": -0.26002368300862455
}