{
    "a": 0.5764371395702095,
    "b": 4.192357376680448,
    "c": 0.19832963079753435,
    "d": -0.7929654809271106
}