{
    "a": -4.036859124522557,
    "b": 4.507523629984215,
    "c": 0.06402934512295087,
    "d": 1.9210061475157103
}