{
    "a": -61.39329474597131,
    "b": 3.0533551914784036,
    "c": 0.08647855707289573,
    "d": 2.4948704479313313
}