{
    "a": -326.42990690029325,
    "b": 3.4405947984640814,
    "c": 0.08900934674774723,
    "d": 3.81297359246526
}