{
    "a": -46.56602093551523,
    "b": 2.100729220348339,
    "c": 0.13782807663526808,
    "d": 1.8406659266991383
}