{
    "a": -14.710050644396278,
    "b": 2.310739532735263,
    "c": 0.1482795306382786,
    "d": 1.697005757672309
}