{
    "a": -5.979163909394434,
    "b": 1.3922027811401358,
    "c": 0.09222054980669984,
    "d": 0.8568098459172807
}