{
    "a": -38.989847559860735,
    "b": 2.5533658191136226,
    "c": 0.12985785648425335,
    "d": 1.6969703190521783
}