{
    "a": -3.6674373409829966,
    "b": 4.948539112917743,
    "c": 0.0692985765496077,
    "d": -0.04778351295296118
}