{
    "a": -1052.087722667219,
    "b": 4.832098154461489,
    "c": 0.09975370640716755,
    "d": 4.6337998233900155
}