{
    "a": -31.812027933555132,
    "b": 2.1274219407766317,
    "c": 0.14695012789404582,
    "d": 0.992527257316262
}