{
    "a": -5.025643259401393,
    "b": 0.6776554603098962,
    "c": 0.1523089684786605,
    "d": 0.47938844119105944
}