{
    "a": -1.5725947515726217,
    "b": 1.4116525804346778,
    "c": 0.11279490386194807,
    "d": 0.8443930571235346
}