{
    "a": -169.8321129268607,
    "b": 3.23729293408259,
    "c": 0.10206974828344079,
    "d": 3.021046102180179
}