{
    "a": -193.07558567520664,
    "b": 5.782812810020085,
    "c": 0.10474565787802784,
    "d": 3.186396532080826
}