{
    "a": -11.725292663647727,
    "b": 2.9088314671231155,
    "c": 0.0883457594549617,
    "d": 1.2650823874290005
}