{
    "a": -5.227240621266895,
    "b": 0.0638770086713347,
    "c": 0.17282356992403303,
    "d": -0.25525861312366854
}