{
    "a": -170.83664042804818,
    "b": 0.7755063175564034,
    "c": 0.12177084108686724,
    "d": 4.780732898223741
}