{
    "a": -3.5911249754764083,
    "b": 0.010103207384294804,
    "c": 0.20306188878820552,
    "d": 0.1506679882298827
}