{
    "a": -122.04773258478245,
    "b": 36.81448215985588,
    "c": 0.030331744221615043,
    "d": 1.1601072873048262
}