{
    "a": -496.99224186199746,
    "b": 3.163802010350158,
    "c": 0.013223225637248603,
    "d": 5.014105433509318
}