{
    "a": -194.42569525592776,
    "b": 2.267588167436476,
    "c": 0.09683970917699634,
    "d": 3.840784987709218
}