{
    "a": -23.109484325822823,
    "b": 1.5676572860557965,
    "c": 0.08702871233713104,
    "d": 2.2759140880656923
}