{
    "a": 18.13818389332382,
    "b": 3.0009007828394347,
    "c": 0.08037897711118143,
    "d": 0.2508694540901664
}