{
    "a": -2286.101244292077,
    "b": 2.990930337124477,
    "c": 0.11571640324815693,
    "d": 3.532849792179355
}