{
    "a": -2374.7436016360175,
    "b": 5.062821466721768,
    "c": 0.07803340644517509,
    "d": 5.496903604695397
}