{
    "a": -6.8502921868581925,
    "b": 0.48696603652500264,
    "c": 0.11423898751281367,
    "d": 0.2030582482320301
}