{
    "a": -10.244889988061296,
    "b": 1.9822886840779437,
    "c": 0.06884495626871309,
    "d": 1.3607663505770935
}