{
    "a": -254.65979064974331,
    "b": 1.0032685636544594,
    "c": 0.1528896740148844,
    "d": 0.9706575612803273
}