{
    "a": 14.784042459441885,
    "b": 0.024462188252023266,
    "c": 0.1613283692673857,
    "d": 0.29771715256116466
}