{
    "a": -2017.1192197169548,
    "b": 1.3736492059190546,
    "c": 0.16150486327437763,
    "d": 0.6431315252630564
}