{
    "a": 2.968406166324502,
    "b": 0.41533189480645716,
    "c": 0.07890986405659103,
    "d": 0.8336312738471818
}