{
    "a": 11.827656239275242,
    "b": 1.4016901135106725,
    "c": 0.11583901739166842,
    "d": 1.4274951772591764
}